2285
-13777
-5841
-8620
-10173
13002
-13460
-1375
-12036
4977
-8295
-1585
1068
6644
5443
2296
-691
9902
-2568
8712
-6749
-13947
9362
-6373
-3472
4767
1348
-10348
2524
13029
-9626
15100
-13661
10297
-7680
-8799
-7556
-3722
-16094
-1301
-8371
1579
-15941
-3715
-6384
3607
-15154
7439
643
5220
-12142
-3570
-6510
12964
11000
14064
-6011
-4212
-2390
-2215
2281
-12942
9685
3311
-16064
-15224
-12872
-9730
104
9430
9966
4555
459
7161
-14725
10936
-5300
-9571
-9320
-10724
-8724
5564
-449
6623
-6848
-8300
-9611
-6184
-3693
5225
-15270
-12568
-14118
-10497
241
8659
6748
-10026
-12368
12257
8478
-5597
199
-5319
272
3475
9264
6392
-13576
3007
7547
-6380
-11486
-15763
10327
1012
-14651
11148
6624
5067
11315
-10258
-5462
8120
14793
-9789
-10863
-9569
12177
-9511
5951
-10299
8119
-9579
6778
3885
-11854
-12367
7475
-13386
11310
10675
6734
-8463
-11845
-4559
1074
14020
-9160
-4666
7184
12480
-7427
-13102
-3596
-14526
14283
-9227
-9843
-2997
1653
-949
-8260
-6625
-15542
2917
3295
-7775
5193
4874
-38
-4503
8452
14514
11754
10411
-2736
10430
-11479
-11065
-7502
-1672
-8224
4271
3209
-15921
-4465
16125
2811
-8241
3774
2000
-12128
10978
-3966
2922
16113
3529
15566
8842
5487
-15272
9855
-14198
10131
14580
37
2873
1400
15821
-7534
7286
843
7644
12325
-7791
-13458
-15972
212
7265
-6289
-7288
-15622
2597
-5204
4183
7398
5147
12738
-4358
-9441
-4638
-12870
3153
-2183
15760
10738
9905
1241
10643
-2611
13591
3015
-6072
-11494
9768
9144
11613
-4539
4848
-10983
4327
-4800
-7849
4123
-13246
-7889
4706
-15295
-5972
9942
14383
-6997
15265
-7742
-12369
-6880
-13068
-454
-1503
-1059
690
-6683
-11694
13343
11958
-11464
-9834
7538
-9716
-4187
14468
9144
-5625
10373
-12427
-9224
-1248
-6463
-11588
-11796
3477
5444
-4446
8777
-8258
8737
12072
-4660
4653
-6525
10108
-3831
-3699
8536
5431
-13069
567
-3907
-1188
-13270
10645
-2520
-3823
12551
4407
4439
8219
-10135
8119
-8708
12059
15678
9037
-8155
5002
10448
2609
2925
1909
7125
-15180
4325
7929
15413
11549
8127
14718
-11367
4420
1216
-13645
10936
14832
-11164
14157
-12960
3058
3022
-16001
839
7934
-11146
-16072
2447
-6580
-10607
9247
-9957
-14605
-14785
-3761
1428
14336
6007
-13102
313
-14247
1202
14047
-11925
9812
-11174
723
-12
1302
2289
-15887
-10981
-1107
-6142
7642
9832
14829
968
-8501
-14793
12043
13215
6552
-8193
-517
10030
-16020
-12960
-9335
82
6462
12270
12857
8137
-16110
-9281
10208
4259
-9483
-8522
-7937
15977
949
12430
7651
-7670
7012
-10330
3453
-11895
6540
3726
-3583
7784
-5841
13909
-3263
11987
2181
8593
15048
15757
-6028
1067
13750
-4965
-14385
5103
6239
-10573
1615
9687
-94
-13470
11090
-11246
-13303
8703
7253
-1832
4773
-12462
16178
2541
-16207
10756
1051
8438
-14657
2502
4946
15487
-716
11585
6830
1480
-1592
4801
-2354
10067
5705
12193
13338
46
-4361
12916
9086
-16118
-1127
15352
-283
14294
7774
15035
-9865
-5205
-15244
-10869
-10349
12473
-2966
4255
-5493
-7038
-6586
6534
3106
2205
358
-6701
13766
-12479
-9193
4230
3982
-7021
6391
8761
4850
175
15883
12303
7500
3704
-7777
-676
11794
-3296
-14111
3092
-13104
-15754
-11204
-14347
-11544
-5134
-10891
14452
5386
11394
11144
-6807
10353
-12014
-16054
-9607
-16148
5598
-15463
-2745
-9114
11895
-16170
-5542
-12862
-15722
-5792
11468
16059
-5212
12645
9400
-14069
-251
6700
-8095
-13023
12584
-14790
11298
2460
-8880
13095
15642
11910
-481
13629
-9581
-6064
8935
4309
12855
7825
-4688
-12942
-15631
-7553
-6647
7834
2724
-14039
11407
-392
-7537
11642
-9409
-10701
13947
5614
7803
-12276
681
14865
-11555
12090
-15234
-7236
13247
-13947
-13844
10255
-6521
-348
2976
13357
-4429
-13992
-530
10682
-10584
-14779
1148
-14570
6458
-13165
-2896
-10410
6138
-3000
-11558
9735
10819
9828
13857
-3423
4355
4794
-209
8141
-9398
10129
-12900
6743
1940
-6402
-8165
13297
-4649
13823
-13465
-4691
15947
344
13291
-4552
8444
-11219
-2508
8151
-15856
15460
-5609
12835
-10536
6329
11425
-1147
-6247
11422
7363
-2449
-5607
5592
-2374
-10657
-1816
-38
14912
-3947
13171
12512
-14476
-2929
4810
-13109
-8566
12361
16172
-5697
-4558
-9163
12888
-11650
-9014
11004
12947
4739
14403
6387
-3464
10206
-1837
14172
-7806
-2350
-15777
-4255
-1702
-9424
-12121
-1840
5090
-3214
-1489
151
5629
407
-2575
15103
-1243
-576
-12348
-8792
3498
13967
14218
15689
-10293
6971
5916
2852
6518
2931
6902
-4534
-12577
-14088
6563
-2925
5059
-6407
1511
5980
-4231
-11475
-10322
-12289
-10819
-11085
6071
-2029
-6084
7337
-1536
-3736
-15137
-15218
13040
-11839
-4905
-10664
-3257
3664
4205
14932
14022
-7438
-13433
9922
-11875
-3793
7929
-4820
-5991
-11537
12945
-15990
-16108
7421
11233
-10473
3445
3389
9674
-4367
14334
-8019
5325
13427
13204
3358
9233
851
-7462
-9554
-10444
-3206
11225
6412
-814
-14682
11110
-5013
15830
5058
13140
-4541
-10877
-13311
-166
7626
15937
-2628
-13117
-9162
-8408
14609
-16168
-3921
1614
6711
-13811
-12266
15313
-605
-6162
9336
14755
-11812
1479
-12208
5144
-1249
-11242
-5760
-8399
-9038
-13135
-6130
-9050
7176
-12873
1183
-331
-1638
-2248
692
-13395
-9344
14244
-7514
-4551
-6703
13044
14178
-403
15552
-3942
7141
-12398
-13197
-983
1143
-12623
12962
-6971
-6233
15842
9717
-14520
-1271
-10158
-2278
-12487
-78
11029
1960
-9618
-9616
11953
-11594
11131
-3126
-4762
-7366
-10527
7099
-15809
-11229
-10505
-4819
-807
13878
-3433
-4809
-2570
-2134
-7542
-7658
-7999
10626
-7759
7661
-6945
16044
5112
14652
-12998
8414
-4102
-1758
-10356
14124
6004
-8878
-3923
14953
-13716
4567
-5731
-3260
-7907
-16249
-3759
15902
-1879
-440
-8386
-3924
15997
-12282
6822
-687
1667
880
10917
-4039
6155
-10379
15098
8757
-8841
12418
8598
15705
-7512
-11144
12519
-4265
-12756
-5521
-7455
-6758
-16092
14893
10449
-4318
-13834
-6300
-5151
-8158
-10824
9391
2666
4955
-13225
6731
-8707
9526
-15477
-875
5679
-15196
-2949
3655
-3032
13750
-8145
2674
13034
-7685
-12614
12859
10338
4765
5411
-1451
-5327
12346
-12777
5186
2359
9347
-3759
-12471
6884
14743
-2619
3382
16189
4893
-5488
-14636
-13136
7460
12959
-9173
-15719
3258
-12511
11386
-14448
-12722
